  6.3450489e-017  1.2247947e-016  8.0006479e-017  1.1316139e-017
  3.5521532e-008  5.2378519e-008  4.4421174e-008  4.1847461e-009
  2.4462066e+002  2.4462068e+002  2.4462066e+002  5.2986234e-006
  6.9343161e-009  1.4845683e-008  8.0298735e-009  1.5807958e-009
  2.6201940e+001  2.6201943e+001  2.6201940e+001  5.3240501e-007
  0.0000000e+000             NaN             NaN             NaN
  3.9176798e-002  1.0587852e+000  5.6202914e-001  2.9710928e-001
 -3.1334762e+003 -1.6780093e+003 -1.6780093e+003  1.4062660e-007
  2.1889089e+001  2.1889089e+001  2.1889089e+001  3.1962811e-014
  6.0247141e-009  7.9718783e-009  6.8219511e-009  4.9127252e-010
  8.0296787e+000  8.0296788e+000  8.0296787e+000  1.7083313e-008
  1.0366902e-001  1.0366902e-001  1.0366902e-001  6.8691545e-017
  1.0987366e-002  1.0987366e-002  1.0987366e-002  6.2049091e-018
  4.4814431e+000  1.7374407e+001  1.7374407e+001  4.7586709e-015
  1.9319866e-003  1.9319880e-003  1.9319867e-003  2.3149317e-010
 -1.0316285e+000 -1.0316285e+000 -1.0316285e+000  4.9650683e-016
  3.9788736e-001  3.9788736e-001             NaN             NaN
  3.0000000e+000  3.0000000e+000  3.0000000e+000  4.5349059e-014
 -3.8627821e+000 -3.8627821e+000 -3.8627821e+000  3.3991899e-015
 -3.3219952e+000 -3.3219952e+000 -3.3219952e+000  1.2947314e-015
 -1.0153200e+001 -1.0153200e+001 -1.0153200e+001  5.0976471e-015
 -1.0402941e+001 -1.0402941e+001 -1.0402941e+001  5.7237164e-015
 -1.0536410e+001 -1.0536410e+001 -1.0536410e+001  5.4750995e-015
  6.3450489e-017  1.2247947e-016  8.0006479e-017  1.1316139e-017
  3.5521532e-008  5.2378519e-008  4.4421174e-008  4.1847461e-009
  2.4462066e+002  2.4462068e+002  2.4462066e+002  5.2986234e-006
  6.9343161e-009  1.4845683e-008  8.0298735e-009  1.5807958e-009
  2.6201940e+001  2.6201943e+001  2.6201940e+001  5.3240501e-007
  0.0000000e+000             NaN             NaN             NaN
  3.9176798e-002  1.0587852e+000  5.6202914e-001  2.9710928e-001
 -3.1334762e+003 -1.6780093e+003 -1.6780093e+003  1.4062660e-007
  2.1889089e+001  2.1889089e+001  2.1889089e+001  3.1962811e-014
  6.0247141e-009  7.9718783e-009  6.8219511e-009  4.9127252e-010
  8.0296787e+000  8.0296788e+000  8.0296787e+000  1.7083313e-008
  1.0366902e-001  1.0366902e-001  1.0366902e-001  6.8691545e-017
  1.0987366e-002  1.0987366e-002  1.0987366e-002  6.2049091e-018
  4.4814431e+000  1.7374407e+001  1.7374407e+001  4.7586709e-015
  1.9319866e-003  1.9319880e-003  1.9319867e-003  2.3149317e-010
 -1.0316285e+000 -1.0316285e+000 -1.0316285e+000  4.9650683e-016
  3.9788736e-001  3.9788736e-001             NaN             NaN
  3.0000000e+000  3.0000000e+000  3.0000000e+000  4.5349059e-014
 -3.8627821e+000 -3.8627821e+000 -3.8627821e+000  3.3991899e-015
 -3.3219952e+000 -3.3219952e+000 -3.3219952e+000  1.2947314e-015
 -1.0153200e+001 -1.0153200e+001 -1.0153200e+001  5.0976471e-015
 -1.0402941e+001 -1.0402941e+001 -1.0402941e+001  5.7237164e-015
 -1.0536410e+001 -1.0536410e+001 -1.0536410e+001  5.4750995e-015
  2.7831424e-017  5.3756460e-017  3.7225487e-017  6.1565841e-018
  2.5951650e-008  4.4242039e-008  3.4435821e-008  3.3228558e-009
  2.0057993e+002  2.0057995e+002  2.0057994e+002  1.9142787e-006
  3.4015622e-009  6.9474143e-009  4.0770644e-009  8.3336088e-010
  2.6198265e+001  2.6198266e+001  2.6198265e+001  1.9724466e-007
  0.0000000e+000             NaN             NaN             NaN
  1.8032633e-002  9.9557714e-001  5.0521203e-001  3.0074448e-001
 -2.7880244e+003 -9.9583761e+002 -9.9583761e+002  2.9503200e-013
  1.7909263e+001  1.7909263e+001  1.7909263e+001  2.9884283e-013
  3.5150700e-009  5.6466876e-009  4.5673578e-009  4.9545691e-010
  6.3328913e+000  6.3328914e+000  6.3328913e+000  1.1371860e-008
  1.7136271e-019  4.6040280e-019  2.7945048e-019  5.6197883e-020
  2.8015968e-018  7.4387292e-018  4.5408077e-018  9.6541645e-019
  7.0748559e+000  2.1988408e+001  2.1988408e+001  1.0561026e-014
  1.6700013e-003  1.8709774e-003  1.8709761e-003  3.1935226e-010
 -1.0316285e+000 -1.0316285e+000 -1.0316285e+000  7.4728915e-016
  3.9788736e-001             NaN             NaN             NaN
  3.0000000e+000  3.0000000e+000  3.0000000e+000  3.7517802e-014
 -3.8627821e+000 -3.8627821e+000 -3.8627821e+000  2.2572987e-015
 -3.3219952e+000 -3.3219952e+000 -3.3219952e+000  1.0010871e-015
 -3.0352221e+000 -2.6828604e+000 -2.6828604e+000  2.9756615e-016
 -1.0402941e+001 -1.0402941e+001 -1.0402941e+001  9.1108444e-015
 -1.0536410e+001 -1.0536410e+001 -1.0536410e+001  9.9066006e-015
  2.0037889e-017  6.0622948e-017  3.1570867e-017  7.0378987e-018
  2.4611461e-008  3.8589827e-008  3.2285774e-008  3.3649004e-009
  3.7871920e+002  3.7871922e+002  3.7871920e+002  3.5789807e-006
  2.7379058e-009  4.9453318e-009  3.3216163e-009  4.8445688e-010
  1.2594314e+002  1.2594315e+002  1.2594314e+002  1.5155856e-006
  0.0000000e+000             NaN             NaN             NaN
  2.6519388e-002  1.0261145e+000  5.3273181e-001  2.9058807e-001
 -2.3765500e+003             NaN             NaN             NaN
  1.1939509e+001             NaN             NaN             NaN
  3.6407259e-009  6.0820549e-009  4.7348149e-009  5.8013864e-010
  5.9321337e+000  5.9321338e+000  5.9321337e+000  8.9222724e-009
  2.0080906e-019  5.0314196e-019  2.7658537e-019  6.2961637e-020
  2.0699283e-018  6.3059748e-018  3.4575570e-018  8.0712095e-019
  3.2117826e+000  2.1988408e+001  2.1988408e+001  9.7096307e-015
  2.4862316e-003  2.7022189e-003  2.7022185e-003  1.0673922e-010
 -1.0316285e+000 -1.0316285e+000 -1.0316285e+000  8.9551187e-016
  3.9788736e-001  3.9788736e-001  3.9788736e-001  8.9523092e-016
  3.0000000e+000  3.0000000e+000  3.0000000e+000  4.1904418e-014
 -3.8627821e+000 -3.8627821e+000 -3.8627821e+000  1.8626267e-015
 -3.3219952e+000 -3.3219952e+000 -3.3219952e+000  3.5887828e-016
 -1.0153200e+001 -1.0153200e+001 -1.0153200e+001  4.8944471e-015
 -1.0402941e+001 -1.0402941e+001 -1.0402941e+001  7.1595991e-015
 -1.0536410e+001 -1.0536410e+001 -1.0536410e+001  9.9422885e-015
  2.5086440e-017  6.8423062e-017  3.3371143e-017  6.6963324e-018
  1.8068454e-017  1.2352102e-016  3.1413354e-017  1.5275138e-017
  2.3042275e-008  3.9747415e-008  2.9796535e-008  3.3004925e-009
  1.7425529e-017  8.7847203e-017  2.8171707e-017  1.1289215e-017
  2.0030979e-008  3.4153691e-008  2.6985272e-008  2.9527204e-009
  3.7282720e+002  3.7282721e+002  3.7282720e+002  2.0968681e-006
  3.9961210e-009  5.8732003e-009  4.2659339e-009  3.9875362e-010
  2.6122222e+001  2.6122223e+001  2.6122222e+001  1.5253070e-007
  0.0000000e+000             NaN             NaN             NaN
  7.2292254e-003  9.9714847e-001  4.7315097e-001  2.8172245e-001
 -3.3895182e+003             NaN             NaN             NaN
  9.9495906e+000             NaN             NaN             NaN
  3.7818149e-009  5.5382126e-009  4.4690669e-009  3.5136886e-010
  3.5479517e+000  3.5479517e+000  3.5479517e+000  2.3142224e-009
  1.6990976e-019  6.5550447e-019  2.4882576e-019  7.1713316e-020
  2.1324470e-018  1.0730522e-017  3.2445645e-018  1.2352181e-018
  2.9887419e+000  2.3809434e+001  2.3809434e+001  2.6855991e-015
  2.2234397e-003  2.2234407e-003  2.2234398e-003  1.6981207e-010
 -1.0316285e+000 -1.0316285e+000 -1.0316285e+000  7.3916620e-016
  3.9788736e-001             NaN             NaN             NaN
  3.0000000e+000  3.0000000e+000  3.0000000e+000  3.0607854e-014
 -3.8627821e+000 -3.8627821e+000 -3.8627821e+000  2.8891930e-015
 -3.3219952e+000 -3.3219952e+000 -3.3219952e+000  1.8133566e-015
 -1.0153200e+001 -1.0153200e+001 -1.0153200e+001  5.4544776e-015
 -1.0402941e+001 -1.0402941e+001 -1.0402941e+001  7.6677432e-015
 -1.0536410e+001 -1.0536410e+001 -1.0536410e+001  5.1695914e-015
  2.2271536e-017  5.3609956e-017  3.1516132e-017  6.3167810e-018
  2.5131637e-008  3.8984878e-008  3.0901982e-008  3.0176039e-009
  1.4521082e+002  1.4521083e+002  1.4521082e+002  2.7422934e-006
  3.9274118e-009  4.9509473e-009  4.2241165e-009  2.8819719e-010
  2.5696276e+001  2.5696280e+001  2.5696276e+001  5.6934166e-007
  0.0000000e+000             NaN             NaN             NaN
  1.7460804e-002  1.0708370e+000  5.9572934e-001  2.8629662e-001
 -2.6131996e+003             NaN             NaN             NaN
  1.4924386e+001  1.4924386e+001  1.4924386e+001  8.0647862e-015
  3.3942493e-009  6.2348144e-009  4.3018312e-009  5.9819858e-010
  5.8290748e+000  5.8290749e+000  5.8290748e+000  6.9109682e-009
  1.7923831e-019  3.9327162e-019  2.5456087e-019  4.7404395e-020
  3.1652025e-018  6.6521793e-018  4.5748637e-018  8.0134432e-019
  5.1107222e+000  2.1072688e+001  2.1072688e+001  2.4863816e-015
  1.8189287e-003  1.8189324e-003  1.8189290e-003  5.6131076e-010
 -1.0316285e+000 -1.0316285e+000 -1.0316285e+000  6.1916254e-016
  3.9788736e-001             NaN             NaN             NaN
  3.0000000e+000  3.0000000e+000  3.0000000e+000  4.0005723e-014
 -3.8627821e+000 -3.8627821e+000 -3.8627821e+000  2.1811268e-015
 -3.3219952e+000 -3.3219952e+000 -3.3219952e+000  1.0229605e-015
 -4.4692235e+000 -2.6828604e+000 -2.6828604e+000  3.6444261e-016
 -1.0402941e+001 -1.0402941e+001 -1.0402941e+001  8.1284147e-015
 -1.0536410e+001 -1.0536410e+001 -1.0536410e+001  5.3471659e-015
  2.2810218e-017  7.8035206e-017  4.3702365e-017  1.0690254e-017
  2.2260435e-008  4.2132224e-008  2.8454715e-008  3.2452429e-009
  1.2682734e+002  1.2682735e+002  1.2682735e+002  1.4765012e-006
  3.2900260e-009  6.9770172e-009  4.0554780e-009  5.9802631e-010
  2.6340186e+001  2.6340194e+001  2.6340186e+001  1.2855231e-006
  0.0000000e+000             NaN             NaN             NaN
  1.6460761e-002  1.0364042e+000  5.1458091e-001  2.8609843e-001
 -2.6864884e+003 -1.2156305e+003 -1.2156305e+003  9.6902983e-013
  1.5919345e+001             NaN             NaN             NaN
  3.1366456e-009  6.7396337e-009  4.0117219e-009  7.4155842e-010
  4.8112674e+000  4.8112675e+000  4.8112674e+000  6.7942956e-009
  8.9500733e-020  3.1260012e-019  1.4052748e-019  3.4786238e-020
  1.0141462e-002  1.0987366e-002  1.0987366e-002  4.3421158e-018
  9.9818453e-001  1.2670506e+001  1.2670506e+001  1.6640501e-015
  2.5986565e-003  2.5986590e-003  2.5986567e-003  4.9633736e-010
 -1.0316285e+000 -1.0316285e+000 -1.0316285e+000  6.7439044e-016
  3.9788736e-001             NaN             NaN             NaN
  3.0000000e+000  3.0000000e+000  3.0000000e+000  6.2868039e-014
 -3.8627821e+000 -3.8627821e+000 -3.8627821e+000  2.1060224e-015
 -3.3219952e+000 -3.3219952e+000 -3.3219952e+000  1.6224116e-015
 -1.0153200e+001 -1.0153200e+001 -1.0153200e+001  5.4485713e-015
 -1.0402941e+001 -1.0402941e+001 -1.0402941e+001  7.0645259e-015
 -1.0536410e+001 -1.0536410e+001 -1.0536410e+001  5.7978560e-015
  1.3774368e-017  4.9825184e-017  2.4586486e-017  7.5332596e-018
  1.8590022e-008  3.2007839e-008  2.4822827e-008  2.9566995e-009
  2.8282902e+002  2.8282902e+002  2.8282902e+002  1.5768020e-006
  3.0960839e-009  5.4835089e-009  3.3574033e-009  4.5194456e-010
  2.6109643e+001  2.6109645e+001  2.6109643e+001  4.3659975e-007
  0.0000000e+000             NaN             NaN             NaN
  3.8399292e-002  1.0474398e+000  5.4757142e-001  2.8748728e-001
 -2.9356672e+003 -1.0753901e+003 -1.0753901e+003  1.0535375e-012
  1.1939509e+001  1.1939509e+001  1.1939509e+001  2.9982986e-014
  2.5935742e-009  7.2392163e-009  3.6656492e-009  7.3358137e-010
  4.9636443e+000  4.9636444e+000  4.9636443e+000  1.1904695e-008
  9.6311601e-020  4.8883267e-019  1.7930030e-019  6.8557351e-020
  2.2338452e-018  7.2700653e-018  3.6177275e-018  8.5761121e-019
  5.9468364e+000  2.2900634e+001  2.2900634e+001  7.8462315e-015
  2.2325760e-003  2.2325769e-003  2.2325761e-003  1.9612531e-010
 -1.0316285e+000 -1.0316285e+000 -1.0316285e+000  7.3370094e-016
  3.9788736e-001             NaN             NaN             NaN
  3.0000000e+000  3.0000000e+000  3.0000000e+000  3.6001759e-014
 -3.8627821e+000 -3.8627821e+000 -3.8627821e+000  2.1269405e-015
 -3.3219952e+000 -3.3219952e+000 -3.3219952e+000  9.2153834e-016
 -5.0198304e+000 -2.6828604e+000 -2.6828604e+000  3.4164194e-016
 -1.0402941e+001 -1.0402941e+001 -1.0402941e+001  7.4935984e-015
 -1.0536410e+001 -1.0536410e+001 -1.0536410e+001  5.4426585e-015
  2.8249465e-017  1.0431625e-016  4.7858420e-017  1.4392355e-017
  2.5620354e-008  3.9279778e-008  3.1286438e-008  2.6735509e-009
  2.1185457e+002  2.1185458e+002  2.1185457e+002  1.2820986e-006
  2.9901410e-009  5.5348684e-009  3.6897908e-009  5.2968430e-010
  2.6086636e+001  2.6086638e+001  2.6086636e+001  3.7509814e-007
  0.0000000e+000             NaN             NaN             NaN
  1.4001155e-002  1.0065454e+000  5.1817226e-001  2.9643767e-001
 -3.1827882e+003 -1.3216868e+003 -1.3216868e+003  1.3522105e-006
  1.1939509e+001  1.1939509e+001  1.1939509e+001  2.8837829e-014
  2.7878189e-009  6.4886558e-009  4.2510873e-009  6.4666928e-010
  5.0736976e+000  5.0736976e+000  5.0736976e+000  3.5627240e-009
  1.7344319e-019  6.3104302e-019  2.9734827e-019  6.9319863e-020
  1.0077128e-018  3.8283484e-018  1.6324182e-018  4.7741702e-019
  1.0049281e+000  6.9033357e+000  6.9033357e+000  2.1495281e-015
  1.8391200e-003  1.8391223e-003  1.8391201e-003  3.5224103e-010
 -1.0316285e+000 -1.0316285e+000 -1.0316285e+000  8.2656512e-016
  3.9788736e-001             NaN             NaN             NaN
  3.0000000e+000  3.0000000e+000  3.0000000e+000  3.1852974e-014
 -3.8627821e+000 -3.8627821e+000 -3.8627821e+000  1.9910873e-015
 -3.3219952e+000 -3.3219952e+000 -3.3219952e+000  2.8583816e-015
 -2.6828604e+000 -2.6828604e+000 -2.6828604e+000  3.9619089e-016
 -1.0402941e+001 -1.0402941e+001 -1.0402941e+001  6.4747450e-015
 -1.0536410e+001 -1.0536410e+001 -1.0536410e+001  8.7171230e-015
  2.8487043e-017  6.9331347e-017  4.3385662e-017  9.0836131e-018
  2.1461570e-008  3.9207214e-008  3.1023223e-008  2.5715185e-009
  2.4057034e+002  2.4057035e+002  2.4057034e+002  2.0833688e-006
  3.8061335e-009  5.2762554e-009  4.0663100e-009  3.3367809e-010
  2.5876288e+001  2.5876292e+001  2.5876289e+001  5.9080098e-007
  0.0000000e+000             NaN             NaN             NaN
  2.5996058e-002  1.0095494e+000  5.1596972e-001  2.8474923e-001
 -3.1204133e+003 -8.5838935e+002 -8.5838935e+002  6.2901033e-014
  2.1889089e+001  2.1889089e+001  2.1889089e+001  1.3637374e-014
  3.2633745e-009  5.7188041e-009  4.3910321e-009  4.4009309e-010
  2.0845313e+000  2.0845313e+000  2.0845313e+000  1.2877253e-008
  1.6514211e-019  3.1894466e-019  2.2558048e-019  3.3598549e-020
  1.4540814e-018  3.8058265e-018  2.2260250e-018  5.4621950e-019
  2.0007682e+000  1.1718700e+001  1.1718700e+001  1.0051795e-014
  2.2531088e-003  2.5834931e-003  2.5834914e-003  3.3639644e-010
 -1.0316285e+000 -1.0316285e+000 -1.0316285e+000  6.5470700e-016
  3.9788736e-001  3.9788736e-001             NaN             NaN
  3.0000000e+000  3.0000000e+000  3.0000000e+000  3.6602780e-014
 -3.8627821e+000 -3.8627821e+000 -3.8627821e+000  2.1755839e-015
 -3.3219952e+000 -3.3219952e+000 -3.3219952e+000  2.9830913e-015
 -5.1202840e+000 -2.6828604e+000 -2.6828604e+000  4.6185975e-016
 -1.0402941e+001 -1.0402941e+001 -1.0402941e+001  7.6593402e-015
 -1.0536410e+001 -1.0536410e+001 -1.0536410e+001  7.5064777e-015
  2.0037889e-017  6.0622948e-017  3.1570867e-017  7.0378987e-018
  2.4611461e-008  3.8589827e-008  3.2285774e-008  3.3649004e-009
  3.7871920e+002  3.7871922e+002  3.7871920e+002  3.5789807e-006
  2.7379058e-009  4.9453318e-009  3.3216163e-009  4.8445688e-010
  1.2594314e+002  1.2594315e+002  1.2594314e+002  1.5155856e-006
  0.0000000e+000             NaN             NaN             NaN
  2.6519388e-002  1.0261145e+000  5.3273181e-001  2.9058807e-001
 -2.3765500e+003             NaN             NaN             NaN
  1.1939509e+001             NaN             NaN             NaN
  3.6407259e-009  6.0820549e-009  4.7348149e-009  5.8013864e-010
  5.9321337e+000  5.9321338e+000  5.9321337e+000  8.9222724e-009
  2.0080906e-019  5.0314196e-019  2.7658537e-019  6.2961637e-020
  2.0699283e-018  6.3059748e-018  3.4575570e-018  8.0712095e-019
  3.2117826e+000  2.1988408e+001  2.1988408e+001  9.7096307e-015
  2.4862316e-003  2.7022189e-003  2.7022185e-003  1.0673922e-010
 -1.0316285e+000 -1.0316285e+000 -1.0316285e+000  8.9551187e-016
  3.9788736e-001  3.9788736e-001  3.9788736e-001  8.9523092e-016
  3.0000000e+000  3.0000000e+000  3.0000000e+000  4.1904418e-014
 -3.8627821e+000 -3.8627821e+000 -3.8627821e+000  1.8626267e-015
 -3.3219952e+000 -3.3219952e+000 -3.3219952e+000  3.5887828e-016
 -1.0153200e+001 -1.0153200e+001 -1.0153200e+001  4.8944471e-015
 -1.0402941e+001 -1.0402941e+001 -1.0402941e+001  7.1595991e-015
 -1.0536410e+001 -1.0536410e+001 -1.0536410e+001  9.9422885e-015
  1.7425529e-017  8.7847203e-017  2.8171707e-017  1.1289215e-017
  2.0030979e-008  3.4153691e-008  2.6985272e-008  2.9527204e-009
  3.7282720e+002  3.7282721e+002  3.7282720e+002  2.0968681e-006
  3.9961210e-009  5.8732003e-009  4.2659339e-009  3.9875362e-010
  2.6122222e+001  2.6122223e+001  2.6122222e+001  1.5253070e-007
  0.0000000e+000             NaN             NaN             NaN
  7.2292254e-003  9.9714847e-001  4.7315097e-001  2.8172245e-001
 -3.3895182e+003             NaN             NaN             NaN
  9.9495906e+000             NaN             NaN             NaN
  3.7818149e-009  5.5382126e-009  4.4690669e-009  3.5136886e-010
  3.5479517e+000  3.5479517e+000  3.5479517e+000  2.3142224e-009
  1.6990976e-019  6.5550447e-019  2.4882576e-019  7.1713316e-020
  2.1324470e-018  1.0730522e-017  3.2445645e-018  1.2352181e-018
  2.9887419e+000  2.3809434e+001  2.3809434e+001  2.6855991e-015
  2.2234397e-003  2.2234407e-003  2.2234398e-003  1.6981207e-010
 -1.0316285e+000 -1.0316285e+000 -1.0316285e+000  7.3916620e-016
  3.9788736e-001             NaN             NaN             NaN
  3.0000000e+000  3.0000000e+000  3.0000000e+000  3.0607854e-014
 -3.8627821e+000 -3.8627821e+000 -3.8627821e+000  2.8891930e-015
 -3.3219952e+000 -3.3219952e+000 -3.3219952e+000  1.8133566e-015
 -1.0153200e+001 -1.0153200e+001 -1.0153200e+001  5.4544776e-015
 -1.0402941e+001 -1.0402941e+001 -1.0402941e+001  7.6677432e-015
 -1.0536410e+001 -1.0536410e+001 -1.0536410e+001  5.1695914e-015
  2.2271536e-017  5.3609956e-017  3.1516132e-017  6.3167810e-018
  2.5131637e-008  3.8984878e-008  3.0901982e-008  3.0176039e-009
  1.4521082e+002  1.4521083e+002  1.4521082e+002  2.7422934e-006
  3.9274118e-009  4.9509473e-009  4.2241165e-009  2.8819719e-010
  2.5696276e+001  2.5696280e+001  2.5696276e+001  5.6934166e-007
  0.0000000e+000             NaN             NaN             NaN
  1.7460804e-002  1.0708370e+000  5.9572934e-001  2.8629662e-001
 -2.6131996e+003             NaN             NaN             NaN
  1.4924386e+001  1.4924386e+001  1.4924386e+001  8.0647862e-015
  3.3942493e-009  6.2348144e-009  4.3018312e-009  5.9819858e-010
  5.8290748e+000  5.8290749e+000  5.8290748e+000  6.9109682e-009
  1.7923831e-019  3.9327162e-019  2.5456087e-019  4.7404395e-020
  3.1652025e-018  6.6521793e-018  4.5748637e-018  8.0134432e-019
  5.1107222e+000  2.1072688e+001  2.1072688e+001  2.4863816e-015
  1.8189287e-003  1.8189324e-003  1.8189290e-003  5.6131076e-010
 -1.0316285e+000 -1.0316285e+000 -1.0316285e+000  6.1916254e-016
  3.9788736e-001             NaN             NaN             NaN
  3.0000000e+000  3.0000000e+000  3.0000000e+000  4.0005723e-014
 -3.8627821e+000 -3.8627821e+000 -3.8627821e+000  2.1811268e-015
 -3.3219952e+000 -3.3219952e+000 -3.3219952e+000  1.0229605e-015
 -4.4692235e+000 -2.6828604e+000 -2.6828604e+000  3.6444261e-016
 -1.0402941e+001 -1.0402941e+001 -1.0402941e+001  8.1284147e-015
 -1.0536410e+001 -1.0536410e+001 -1.0536410e+001  5.3471659e-015
  2.2810218e-017  7.8035206e-017  4.3702365e-017  1.0690254e-017
  2.2260435e-008  4.2132224e-008  2.8454715e-008  3.2452429e-009
  1.2682734e+002  1.2682735e+002  1.2682735e+002  1.4765012e-006
  3.2900260e-009  6.9770172e-009  4.0554780e-009  5.9802631e-010
  2.6340186e+001  2.6340194e+001  2.6340186e+001  1.2855231e-006
  0.0000000e+000             NaN             NaN             NaN
  1.6460761e-002  1.0364042e+000  5.1458091e-001  2.8609843e-001
 -2.6864884e+003 -1.2156305e+003 -1.2156305e+003  9.6902983e-013
  1.5919345e+001             NaN             NaN             NaN
  3.1366456e-009  6.7396337e-009  4.0117219e-009  7.4155842e-010
  4.8112674e+000  4.8112675e+000  4.8112674e+000  6.7942956e-009
  8.9500733e-020  3.1260012e-019  1.4052748e-019  3.4786238e-020
  1.0141462e-002  1.0987366e-002  1.0987366e-002  4.3421158e-018
  9.9818453e-001  1.2670506e+001  1.2670506e+001  1.6640501e-015
  2.5986565e-003  2.5986590e-003  2.5986567e-003  4.9633736e-010
 -1.0316285e+000 -1.0316285e+000 -1.0316285e+000  6.7439044e-016
  3.9788736e-001             NaN             NaN             NaN
  3.0000000e+000  3.0000000e+000  3.0000000e+000  6.2868039e-014
 -3.8627821e+000 -3.8627821e+000 -3.8627821e+000  2.1060224e-015
 -3.3219952e+000 -3.3219952e+000 -3.3219952e+000  1.6224116e-015
 -1.0153200e+001 -1.0153200e+001 -1.0153200e+001  5.4485713e-015
 -1.0402941e+001 -1.0402941e+001 -1.0402941e+001  7.0645259e-015
 -1.0536410e+001 -1.0536410e+001 -1.0536410e+001  5.7978560e-015
  1.3774368e-017  4.9825184e-017  2.4586486e-017  7.5332596e-018
  2.1460562e-017  5.5300838e-017  3.2182449e-017  7.4080076e-018
  3.0131202e-008  5.1754709e-008  3.6221374e-008  3.8758724e-009
  2.5927439e+002  2.5927441e+002  2.5927439e+002  3.5479576e-006
  2.5398025e-009  5.2911062e-009  3.2485231e-009  6.7442618e-010
  2.6104405e+001  2.6104410e+001  2.6104405e+001  6.7728541e-007
  0.0000000e+000             NaN             NaN             NaN
  1.9026327e-002  1.0233551e+000  5.0247215e-001  2.5667413e-001
 -2.0736174e+003             NaN             NaN             NaN
  1.3929427e+001  1.3929427e+001  1.3929427e+001  1.1263291e-014
  3.0083607e-009  4.9276894e-009  3.8090169e-009  4.1043226e-010
  5.0371263e+000  5.0371263e+000  5.0371263e+000  1.3298420e-008
  8.3427486e-020  2.1958709e-019  1.4587526e-019  3.0695593e-020
  2.3619416e-018  6.2597726e-018  3.5722766e-018  8.5150027e-019
  3.0447559e+000  7.8739930e+000  7.8739930e+000  5.9971341e-015
  1.8663307e-003  1.8663323e-003  1.8663309e-003  3.2033153e-010
 -1.0316285e+000 -1.0316285e+000 -1.0316285e+000  7.2473200e-016
  3.9788736e-001             NaN             NaN             NaN
  3.0000000e+000  3.0000000e+000  3.0000000e+000  4.3762140e-014
 -3.8627821e+000 -3.8627821e+000 -3.8627821e+000  2.3066830e-015
 -3.3219952e+000 -3.3219952e+000 -3.3219952e+000  1.8255232e-015
 -3.5469987e+000 -2.6828604e+000 -2.6828604e+000  5.7448555e-016
 -1.0402941e+001 -1.0402941e+001 -1.0402941e+001  8.3588598e-015
 -1.0536410e+001 -1.0536410e+001 -1.0536410e+001  8.3241195e-015
  2.3816636e-017  6.9478645e-017  3.3513129e-017  7.9056013e-018
  2.2433446e-008  3.6445780e-008  2.8431457e-008  2.3986404e-009
  2.9703680e+002  2.9703681e+002  2.9703680e+002  3.6379487e-006
  5.1287593e-009  8.3400240e-009  5.3293405e-009  5.2553584e-010
  2.6599698e+001  2.6599700e+001  2.6599698e+001  3.3755172e-007
  0.0000000e+000             NaN             NaN             NaN
  2.1142149e-002  1.0076297e+000  4.5690646e-001  2.6503875e-001
 -3.3028633e+003             NaN             NaN             NaN
  1.1939509e+001  1.1939509e+001  1.1939509e+001  7.1775655e-015
  3.5916772e-009  6.4809216e-009  4.4987976e-009  5.6477770e-010
  1.7332584e+000  1.7332584e+000  1.7332584e+000  3.3932714e-009
  1.8833790e-019  5.6108799e-019  2.8925787e-019  7.2760876e-020
  8.5043969e-003  1.0987366e-002  1.0987366e-002  5.3668399e-018
  2.3065772e+000  6.9033357e+000  6.9033357e+000  2.9293130e-015
  2.0743485e-003  7.0181463e-001  1.3556285e-001  1.8255929e-001
 -1.0316285e+000 -1.0316285e+000 -1.0316285e+000  7.7114478e-016
  3.9788736e-001             NaN             NaN             NaN
  3.0000000e+000  3.0000000e+000  3.0000000e+000  4.8028009e-014
 -3.8627821e+000 -3.8627821e+000 -3.8627821e+000  2.4422847e-015
 -3.3219952e+000 -3.3219952e+000 -3.3219952e+000  1.0110882e-015
 -2.6828604e+000 -2.6828604e+000 -2.6828604e+000  2.7653428e-016
 -1.0402941e+001 -1.0402941e+001 -1.0402941e+001  7.9400551e-015
 -1.0536410e+001 -1.0536410e+001 -1.0536410e+001  1.0054998e-014
  2.9932595e-017  8.0165172e-017  4.4219529e-017  1.0898726e-017
  2.1419152e-008  3.4407519e-008  2.7768959e-008  2.7751055e-009
  1.9290872e+002  1.9290873e+002  1.9290872e+002  1.5584493e-006
  2.7408973e-009  6.0076492e-009  3.4409536e-009  6.7650556e-010
  2.6064934e+001  2.6064936e+001  2.6064935e+001  3.5155993e-007
  0.0000000e+000             NaN             NaN             NaN
  1.0990078e-002  1.0212536e+000  4.8740866e-001  2.7924772e-001
 -2.8757632e+003 -1.3903238e+003 -1.3903238e+003  5.7374569e-013
  1.7909253e+001  1.7909253e+001  1.7909253e+001  2.8710262e-014
  3.9857122e-009  6.1977454e-009  4.8059615e-009  3.7907094e-010
  5.1444639e+000  5.1444639e+000  5.1444639e+000  6.6425351e-009
  1.5712521e-019  5.2913602e-019  2.3289847e-019  6.1034086e-020
  2.0519406e-018  6.2364043e-018  3.3708554e-018  7.4143443e-019
  1.1719000e+001  1.7374407e+001  1.7374407e+001  1.1154131e-014
  1.8140080e-003  1.8140141e-003  1.8140084e-003  1.0306587e-009
 -1.0316285e+000 -1.0316285e+000 -1.0316285e+000  8.9887636e-016
  3.9788736e-001             NaN             NaN             NaN
  3.0000000e+000  3.0000000e+000  3.0000000e+000  3.4644129e-014
 -3.8627821e+000 -3.8627821e+000 -3.8627821e+000  2.0771582e-015
 -3.3219952e+000 -3.3219952e+000 -3.3219952e+000  4.3953433e-016
 -1.0153200e+001 -1.0153200e+001 -1.0153200e+001  5.4897820e-015
 -1.0402941e+001 -1.0402941e+001 -1.0402941e+001  7.6509280e-015
 -1.0536410e+001 -1.0536410e+001 -1.0536410e+001  8.5342129e-015
  1.7436106e-017  6.2329995e-017  3.4825338e-017  8.7041255e-018
  1.6946414e-008  2.7238356e-008  2.1566669e-008  2.3278511e-009
  3.3833853e+002  3.3833853e+002  3.3833853e+002  1.2166084e-006
  3.2899662e-009  8.5109161e-009  3.9295673e-009  8.3129045e-010
  2.5817979e+001  2.5817980e+001  2.5817979e+001  3.6142419e-007
  0.0000000e+000             NaN             NaN             NaN
  1.2574001e-002  1.0316843e+000  5.1095227e-001  3.0565098e-001
 -2.8353671e+003 -1.1048118e+003 -1.1048118e+003  1.5218860e-006
  1.6914299e+001  1.6914299e+001             NaN             NaN
  3.6334891e-009  5.3048597e-009  4.2243191e-009  2.9210605e-010
  4.9222055e+000  4.9222055e+000  4.9222055e+000  8.9754078e-009
  1.0366902e-001  1.0366902e-001  1.0366902e-001  3.0585155e-017
  2.2711430e-018  9.7208370e-018  4.1029668e-018  1.3898742e-018
  3.9682501e+000  3.9682501e+000  3.9682501e+000  8.7906866e-016
  2.4727966e-003  2.4727996e-003  2.4727968e-003  4.5408467e-010
 -1.0316285e+000 -1.0316285e+000 -1.0316285e+000  8.4343553e-016
  3.9788736e-001             NaN             NaN             NaN
  3.0000000e+000  3.0000000e+000  3.0000000e+000  3.2029384e-014
 -3.8627821e+000 -3.8627821e+000 -3.8627821e+000  2.1504641e-015
 -3.3219952e+000 -3.3219952e+000 -3.3219952e+000  1.1715191e-015
 -4.2468953e+000 -2.6828604e+000 -2.6828604e+000  5.2315049e-016
 -1.0402941e+001 -1.0402941e+001 -1.0402941e+001  6.8516621e-015
 -1.0536410e+001 -1.0536410e+001 -1.0536410e+001  8.4964006e-015
  2.8159086e-017  6.4429700e-017  4.0504457e-017  6.7956516e-018
  1.7621075e-008  3.1090120e-008  2.3261366e-008  2.7793752e-009
  2.6363060e+002  2.6363061e+002  2.6363060e+002  2.3248043e-006
  4.3872840e-009  6.2680891e-009  4.7170304e-009  3.7725500e-010
  2.6643713e+001  2.6643714e+001  2.6643713e+001  2.6210494e-007
  0.0000000e+000             NaN             NaN             NaN
  2.7688108e-002  1.0561227e+000  6.0807671e-001  2.8671165e-001
 -2.7108461e+003 -9.9601129e+002 -9.9601129e+002  4.6563761e-013
  1.8904217e+001  1.8904217e+001  1.8904217e+001  2.8710262e-014
  3.2740113e-009  5.1253517e-009  4.1855363e-009  4.1307221e-010
  3.8918349e+000  3.8918350e+000  3.8918350e+000  4.3959601e-009
  1.3347296e-019  4.1689931e-019  2.1930403e-019  5.2038958e-020
  2.7537681e-018  6.9859837e-018  4.3243100e-018  9.8704709e-019
  2.3659753e+000  8.8408360e+000  8.8408360e+000  3.5977435e-015
  2.2291985e-003  2.2291999e-003  2.2291986e-003  2.7586392e-010
 -1.0316285e+000 -1.0316285e+000 -1.0316285e+000  7.3507107e-016
  3.9788736e-001             NaN             NaN             NaN
  3.0000000e+000  3.0000000e+000  3.0000000e+000  3.4080448e-014
 -3.8627821e+000 -3.8627821e+000 -3.8627821e+000  2.3231998e-015
 -3.3219952e+000 -3.3219952e+000 -3.3219952e+000  1.6298369e-015
 -2.6828604e+000 -2.6828604e+000 -2.6828604e+000  3.2965075e-016
 -1.0402941e+001 -1.0402941e+001 -1.0402941e+001  6.0265911e-015
 -1.0536410e+001 -1.0536410e+001 -1.0536410e+001  2.9265638e-015
  1.5180956e-017  4.9984180e-017  2.7801573e-017  7.5305713e-018
  2.2192489e-008  3.4219817e-008  2.8087849e-008  2.9144819e-009
  1.8369686e+002  1.8369687e+002  1.8369686e+002  2.1852470e-006
  3.6396568e-009  9.5813136e-009  4.4267804e-009  1.2189708e-009
  2.6066905e+001  2.6066911e+001  2.6066905e+001  9.0388774e-007
  0.0000000e+000             NaN             NaN             NaN
  1.9269605e-002  1.0292571e+000  5.5587306e-001  2.9608570e-001
 -3.1630657e+003 -1.2535622e+003 -1.2535622e+003  9.8843391e-013
  1.2934468e+001  1.2934468e+001             NaN             NaN
  4.0643622e-009  5.7663714e-009  4.6707546e-009  3.9244005e-010
  6.7636426e+000  6.7636427e+000  6.7636426e+000  2.0749671e-008
  1.2620565e-019  3.0741648e-019  1.8121086e-019  3.7646380e-020
  3.5772156e-018  1.5717296e-017  5.4515162e-018  1.7874494e-018
  6.0079709e+000  1.0763181e+001  1.0763181e+001  7.6002590e-015
  1.9034704e-003  1.9034708e-003  1.9034704e-003  8.5715738e-011
 -1.0316285e+000 -1.0316285e+000 -1.0316285e+000  7.0645259e-016
  3.9788736e-001             NaN             NaN             NaN
  3.0000000e+000  3.0000000e+000  3.0000000e+000  3.3132831e-014
 -3.8627821e+000 -3.8627821e+000 -3.8627821e+000  2.1709540e-015
 -3.3219952e+000 -3.3219952e+000 -3.3219952e+000  3.6444261e-016
 -1.0153200e+001 -1.0153200e+001 -1.0153200e+001  4.6585110e-015
 -1.0402941e+001 -1.0402941e+001 -1.0402941e+001  8.0887056e-015
 -1.0536410e+001 -1.0536410e+001 -1.0536410e+001  8.3588598e-015
  1.4910818e-017  3.0935143e-017  2.0688467e-017  3.9078410e-018
  2.1131175e-008  3.3753055e-008  2.7526849e-008  2.7867596e-009
  2.3998630e+002  2.3998631e+002  2.3998630e+002  1.6798028e-006
  3.7075664e-009  8.3546996e-009  4.3120962e-009  7.8707686e-010
  2.6170877e+001  2.6170881e+001  2.6170878e+001  5.7294944e-007
  0.0000000e+000             NaN             NaN             NaN
  2.6140579e-002  9.9000024e-001  5.8836472e-001  3.0053630e-001
 -2.6399279e+003 -9.7614844e+002 -9.7614844e+002  4.3730168e-013
  1.8904217e+001  1.8904217e+001             NaN             NaN
  3.7846322e-009  6.6114731e-009  4.7080516e-009  5.7145963e-010
  3.8731896e+000  3.8731896e+000  3.8731896e+000  5.7019184e-009
  1.3032144e-019  3.5953866e-019  2.3222506e-019  5.7448206e-020
  1.8305227e-018  4.5539841e-018  2.8070677e-018  5.8376944e-019
  3.0279895e+000  7.8739930e+000  7.8739930e+000  4.6515941e-015
  2.1917338e-003  2.1917350e-003  2.1917340e-003  3.1013462e-010
 -1.0316285e+000 -1.0316285e+000 -1.0316285e+000  6.3202963e-016
  3.9788736e-001             NaN             NaN             NaN
  3.0000000e+000  3.0000000e+000  3.0000000e+000  3.2108702e-014
 -3.8627821e+000 -3.8627821e+000 -3.8627821e+000  1.8474390e-015
 -3.3219952e+000 -3.3219952e+000 -3.3219952e+000  9.4525431e-016
 -2.6828604e+000 -2.6828604e+000 -2.6828604e+000  3.1720658e-016
 -1.0402941e+001 -1.0402941e+001 -1.0402941e+001  7.4893004e-015
 -1.0536410e+001 -1.0536410e+001 -1.0536410e+001  9.3480730e-015
  2.2573615e-017  7.3459133e-017  3.8387361e-017  1.0136957e-017
  1.9354440e-008  3.2585590e-008  2.5041127e-008  3.0392797e-009
  2.3886272e+002  2.3886272e+002  2.3886272e+002  7.0050358e-007
  2.6731740e-009  5.1917120e-009  3.2227828e-009  5.2945633e-010
  2.5874432e+001  2.5874434e+001  2.5874432e+001  3.7231488e-007
  0.0000000e+000             NaN             NaN             NaN
  2.7057231e-002  1.0215517e+000  5.6978762e-001  3.0263247e-001
 -3.4866483e+003 -9.5645927e+002 -9.5645927e+002  5.0373216e-013
  1.4924386e+001  1.4924386e+001  1.4924386e+001  1.1263291e-014
  3.6338372e-009  5.0516151e-009  4.3941894e-009  3.5007158e-010
  2.6720262e+000  2.6720262e+000  2.6720262e+000  2.9911297e-009
  1.3687856e-019  4.1100412e-019  2.2162840e-019  5.0170110e-020
  1.8493909e-018  4.7669400e-018  3.1424759e-018  6.3029627e-019
  4.1096802e+000  1.9230678e+001  1.9230678e+001  2.0478086e-014
  2.1632966e-003  2.1632982e-003  2.1632967e-003  2.5393138e-010
 -1.0316285e+000 -1.0316285e+000 -1.0316285e+000  6.8033232e-016
  3.9788736e-001             NaN             NaN             NaN
  3.0000000e+000  3.0000000e+000  3.0000000e+000  4.6488158e-014
 -3.8627821e+000 -3.8627821e+000 -3.8627821e+000  2.1940058e-015
 -3.3219952e+000 -3.3219952e+000 -3.3219952e+000  3.9619089e-016
 -2.6828604e+000 -2.6828604e+000 -2.6828604e+000  2.2874092e-016
 -1.0402941e+001 -1.0402941e+001 -1.0402941e+001  6.2314746e-015
 -1.0536410e+001 -1.0536410e+001 -1.0536410e+001  4.2463050e-015
  2.4113611e-017  6.5010400e-017  3.9994384e-017  8.1494073e-018
  2.4837642e-008  3.7862529e-008  3.0752208e-008  2.7097845e-009
  2.5601332e+002  2.5601334e+002  2.5601332e+002  4.2351626e-006
  2.3965058e-009  5.6473233e-009  3.4350019e-009  7.7862318e-010
  2.5998483e+001  2.5998485e+001  2.5998484e+001  4.0162807e-007
  0.0000000e+000             NaN             NaN             NaN
  1.8352728e-002  9.7177209e-001  4.8761815e-001  2.8194795e-001
 -3.3800901e+003 -8.3707991e+002 -8.3707991e+002  1.0809709e-012
  2.1889089e+001  2.1889089e+001  2.1889089e+001  8.4011251e-015
  3.0077674e-009  7.5164808e-009  3.8468832e-009  6.7607317e-010
  2.6253461e+000  2.6253461e+000  2.6253461e+000  3.3489207e-009
  1.6197713e-019  5.0106029e-019  2.5518561e-019  5.6910248e-020
  1.8069609e-018  5.5001610e-018  2.8497717e-018  6.8394526e-019
  2.7626372e+000  1.3618609e+001  1.3618609e+001  9.7460398e-015
  1.2150874e-003  1.9761661e-003  1.9761641e-003  3.1240509e-010
 -1.0316285e+000 -1.0316285e+000 -1.0316285e+000  7.9681383e-016
  3.9788736e-001             NaN             NaN             NaN
  3.0000000e+000  3.0000000e+000  3.0000000e+000  4.2599273e-014
 -3.8627821e+000 -3.8627821e+000 -3.8627821e+000  2.1088871e-015
 -3.3219952e+000 -3.3219952e+000 -3.3219952e+000  9.5583980e-016
 -1.0153200e+001 -1.0153200e+001 -1.0153200e+001  4.7813039e-015
 -1.0402941e+001 -1.0402941e+001 -1.0402941e+001  6.0372671e-015
 -1.0536410e+001 -1.0536410e+001 -1.0536410e+001  8.7760232e-015
  1.8707044e-017  4.0661976e-017  3.0877443e-017  5.1119326e-018
  2.3010545e-008  3.6302410e-008  2.9439053e-008  2.9808662e-009
  2.4471301e+002  2.4471302e+002  2.4471302e+002  1.7150262e-006
  2.8755723e-009  4.3046653e-009  3.1515580e-009  3.1710517e-010
  2.6064793e+001  2.6064797e+001  2.6064794e+001  5.0470068e-007
  0.0000000e+000             NaN             NaN             NaN
  2.8519560e-002  1.0661545e+000  6.6583916e-001  2.8229496e-001
 -2.8395496e+003 -9.7614844e+002 -9.7614844e+002  5.3668995e-013
  1.9899171e+001  1.9899171e+001  1.9899171e+001  3.5057393e-013
  3.1291316e-009  6.8004278e-009  5.1595699e-009  5.3831757e-010
  2.0519256e+000  2.0519256e+000  2.0519256e+000  2.0629288e-009
  1.9992197e-019  3.8881987e-019  2.6930916e-019  4.6827386e-020
  4.3948860e-002  4.3948860e-002  4.3948860e-002  1.5704679e-017
  4.1605902e+000  8.8408360e+000  8.8408360e+000  4.4318198e-015
  2.2743286e-003  2.2743340e-003  2.2743289e-003  7.7280410e-010
 -1.0316285e+000 -1.0316285e+000 -1.0316285e+000  4.7262716e-016
  3.9788736e-001             NaN             NaN             NaN
  3.0000000e+000  3.0000000e+000  3.0000000e+000  3.4615479e-014
 -3.8627821e+000 -3.8627821e+000 -3.8627821e+000  2.1513997e-015
 -3.3219952e+000 -3.3219952e+000 -3.3219952e+000  9.3239311e-016
 -3.7739375e+000 -2.6828604e+000 -2.6828604e+000  3.8589846e-016
 -1.0402941e+001 -1.0402941e+001 -1.0402941e+001  7.6509280e-015
 -1.0536410e+001 -1.0536410e+001 -1.0536410e+001  4.1153810e-015
  2.2236284e-017  5.6746811e-017  3.6063137e-017  7.6991176e-018
  3.1513100e-008  4.9311731e-008  4.2936071e-008  2.9541847e-009
  9.7207204e+001  9.7207207e+001  9.7207205e+001  5.3218688e-007
  2.5691522e-009  5.0765663e-009  3.2145000e-009  6.4995786e-010
  2.6115852e+001  2.6115854e+001  2.6115852e+001  2.9978146e-007
  0.0000000e+000             NaN             NaN             NaN
  1.4844322e-002  1.0157911e+000  5.0298469e-001  2.9457106e-001
 -2.7497005e+003             NaN             NaN             NaN
  1.1939509e+001  1.1939509e+001  1.1939509e+001  1.5597793e-014
  3.5412215e-009  6.9019856e-009  4.1687638e-009  5.8809790e-010
  3.0320933e+000  3.0320933e+000  3.0320933e+000  4.1022331e-009
  1.3161626e-019  6.0038078e-019  2.2883513e-019  8.7089950e-020
  3.8119251e-018  8.4179345e-018  5.3147170e-018  9.1351709e-019
  9.9800384e-001  9.9800384e-001  9.9800384e-001  1.8631668e-016
  2.1530589e-003  2.1776534e-003  2.1776526e-003  1.6040125e-010
 -1.0316285e+000 -1.0316285e+000 -1.0316285e+000  7.8151358e-016
  3.9788736e-001             NaN             NaN             NaN
  3.0000000e+000  3.0000000e+000  3.0000000e+000  3.6381036e-014
 -3.8627821e+000 -3.8627821e+000 -3.8627821e+000  2.1532697e-015
 -3.3219952e+000 -3.3219952e+000 -3.3219952e+000  1.2719944e-015
 -1.0153200e+001 -1.0153200e+001 -1.0153200e+001  3.5345411e-015
 -1.0402941e+001 -1.0402941e+001 -1.0402941e+001  5.7978560e-015
 -1.0536410e+001 -1.0536410e+001 -1.0536410e+001  8.9251808e-015
  2.1957538e-017  6.8298856e-017  3.3500555e-017  8.7469235e-018
  2.5533066e-008  3.5706298e-008  2.9828133e-008  2.3590549e-009
  1.4731241e+002  1.4731242e+002  1.4731241e+002  1.7834632e-006
  3.5224840e-009  6.5855547e-009  4.0598696e-009  6.5044560e-010
  8.8750052e+001  8.8750057e+001  8.8750053e+001  8.8522866e-007
  0.0000000e+000             NaN             NaN             NaN
  2.2373112e-002  1.0397942e+000  6.3281253e-001  2.6927778e-001
 -3.2913575e+003             NaN             NaN             NaN
  2.9848757e+001             NaN             NaN             NaN
  3.5073251e-009  6.8260393e-009  4.4137188e-009  4.5654935e-010
  2.6938421e+000  2.6938422e+000  2.6938421e+000  1.0887971e-008
  1.0366902e-001  1.0366902e-001  1.0366902e-001  4.8521656e-017
  1.0987366e-002  1.0987366e-002  1.0987366e-002  6.9122910e-018
  1.2564321e+000  5.9288451e+000  5.9288451e+000  2.3601534e-015
  2.0830938e-003  1.6752024e-002  1.6752021e-002  6.1753047e-010
 -1.0316285e+000 -1.0316285e+000 -1.0316285e+000  6.7513603e-016
  3.9788736e-001             NaN             NaN             NaN
  3.0000000e+000  3.0000000e+000  3.0000000e+000  4.3136829e-014
 -3.8627821e+000 -3.8627821e+000 -3.8627821e+000  1.9738305e-015
 -3.3219952e+000 -3.3219952e+000 -3.3219952e+000  1.0634702e-015
 -1.0153200e+001 -1.0153200e+001 -1.0153200e+001  4.6307815e-015
 -1.0402941e+001 -1.0402941e+001 -1.0402941e+001  5.5365044e-015
 -1.0536410e+001 -1.0536410e+001 -1.0536410e+001  4.5818511e-015
  1.7116029e-017  6.1167746e-017  2.8874752e-017  9.3431936e-018
  2.2890818e-008  3.4188064e-008  2.9048576e-008  2.4169856e-009
  5.8019678e+001  5.8019684e+001  5.8019678e+001  1.2255456e-006
  2.4073899e-009  4.4688472e-009  2.8157142e-009  4.0674115e-010
  2.6294586e+001  2.6294591e+001  2.6294586e+001  7.9349627e-007
  0.0000000e+000             NaN             NaN             NaN
  1.5897480e-002  9.8898468e-001  4.8141654e-001  3.1825888e-001
 -2.7198158e+003 -1.3328158e+003 -1.3328158e+003  4.6800017e-008
  1.5919345e+001  1.5919345e+001  1.5919345e+001  3.8196519e-014
  3.4417349e-009  9.9340953e-009  4.3599354e-009  9.0766657e-010
  4.3913093e+000  4.3913093e+000  4.3913093e+000  4.6385382e-009
  1.0366902e-001  1.0366902e-001  1.0366902e-001  4.3162975e-017
  1.0987366e-002  1.0987366e-002  1.0987366e-002  1.0750831e-017
  3.0154830e+000  8.8408360e+000  8.8408360e+000  4.9272301e-015
  2.5877505e-003  2.5877536e-003  2.5877509e-003  6.1682381e-010
 -1.0316285e+000 -1.0316285e+000 -1.0316285e+000  7.1424328e-016
  3.9788736e-001  3.9788736e-001             NaN             NaN
  3.0000000e+000  3.0000000e+000  3.0000000e+000  3.2274924e-014
 -3.8627821e+000 -3.8627821e+000 -3.8627821e+000  2.0615987e-015
 -3.3219952e+000 -3.3219952e+000 -3.3219952e+000  1.6124581e-015
 -1.0153200e+001 -1.0153200e+001 -1.0153200e+001  4.8812723e-015
 -1.0402941e+001 -1.0402941e+001 -1.0402941e+001  8.0567973e-015
 -1.0536410e+001 -1.0536410e+001 -1.0536410e+001  4.0283987e-015
  1.3135686e-017  5.1574889e-017  2.0127732e-017  5.8140416e-018
  2.0045364e-008  3.4882757e-008  2.7514404e-008  2.8619423e-009
  2.0290326e+002  2.0290327e+002  2.0290326e+002  1.4219728e-006
  4.0687164e-009  1.0836595e-008  4.8753253e-009  9.8433082e-010
  2.6228170e+001  2.6228172e+001  2.6228170e+001  4.8322718e-007
  0.0000000e+000             NaN             NaN             NaN
  1.5115825e-002  1.0185989e+000  6.0415803e-001  2.6534943e-001
 -3.7623607e+003 -8.5794086e+002 -8.5794086e+002  3.2400647e-013
  1.0944550e+001  1.0944550e+001  1.0944550e+001  1.5597793e-014
  3.8801469e-009  6.2387473e-009  5.1410700e-009  3.9210375e-010
  4.6258776e+000  4.6258777e+000  4.6258776e+000  1.1554774e-008
  2.1282352e-019  5.2366740e-019  3.2954537e-019  6.0255488e-020
  2.4030098e-018  1.3965905e-017  3.3931462e-018  1.5954660e-018
  2.2384793e+000  2.1072688e+001  2.1072688e+001  2.5879081e-015
  4.2440835e-003  1.0648862e+000  2.4735646e-001  3.0348999e-001
 -1.0316285e+000 -1.0316285e+000 -1.0316285e+000  7.1000441e-016
  3.9788736e-001             NaN             NaN             NaN
  3.0000000e+000  3.0000000e+000  3.0000000e+000  4.4916765e-014
 -3.8627821e+000 -3.8627821e+000 -3.8627821e+000  2.2031590e-015
 -3.3219952e+000 -3.3219952e+000 -3.3219952e+000  2.2546226e-015
 -1.0153200e+001 -1.0153200e+001 -1.0153200e+001  4.9727633e-015
 -1.0402941e+001 -1.0402941e+001 -1.0402941e+001  7.1640949e-015
 -1.0536410e+001 -1.0536410e+001 -1.0536410e+001  1.0083777e-014
  3.3134168e-017  1.4941547e-016  5.0814951e-017  1.8560433e-017
  2.5825398e-008  4.0306521e-008  3.2900405e-008  2.6491790e-009
  1.3904428e+002  1.3904428e+002  1.3904428e+002  1.0438219e-006
  2.9207097e-009  8.0452435e-009  3.6401813e-009  9.3508541e-010
  2.5912928e+001  2.5912931e+001  2.5912928e+001  3.6714376e-007
  0.0000000e+000             NaN             NaN             NaN
  1.6726876e-002  1.0040534e+000  5.4921120e-001  2.9308415e-001
 -2.5932797e+003 -9.5573597e+002 -9.5573597e+002  7.2213016e-013
  1.8904217e+001  1.8904217e+001  1.8904217e+001  3.2766196e-014
  5.6502154e-009  7.6002111e-009  6.2357694e-009  3.7278464e-010
  2.9729860e+000  2.9729861e+000  2.9729860e+000  5.2175240e-009
  2.3431658e-019  5.6842811e-019  3.4338348e-019  6.6292105e-020
  3.3697453e-018  1.0449441e-017  5.2202759e-018  1.3414072e-018
  1.0085510e+000  6.9033357e+000  6.9033357e+000  2.5121479e-015
  1.3916959e-003  2.1238036e-003  2.1238020e-003  3.3604318e-010
 -1.0316285e+000 -1.0316285e+000 -1.0316285e+000  8.0184904e-016
  3.9788736e-001             NaN             NaN             NaN
  3.0000000e+000  3.0000000e+000  3.0000000e+000  4.0913353e-014
 -3.8627821e+000 -3.8627821e+000 -3.8627821e+000  2.2741743e-015
 -3.3219952e+000 -3.3219952e+000 -3.3219952e+000  4.1601253e-016
 -3.4245526e+000 -2.6828604e+000 -2.6828604e+000  4.5306162e-016
 -1.0402941e+001 -1.0402941e+001 -1.0402941e+001  6.9171402e-015
 -1.0536410e+001 -1.0536410e+001 -1.0536410e+001  8.4850240e-015
  1.7853764e-017  7.2418920e-017  3.0239804e-017  9.6272562e-018
  2.5301725e-008  3.6801879e-008  3.0691553e-008  2.8130464e-009
  4.2635167e+002  4.2635168e+002  4.2635167e+002  3.4386263e-006
  4.1512211e-009  7.6825189e-009  4.4814772e-009  5.5240425e-010
  2.6002493e+001  2.6002508e+001  2.6002493e+001  2.1099070e-006
  0.0000000e+000             NaN             NaN             NaN
  1.9133636e-002  9.9362123e-001  5.1626543e-001  2.6523034e-001
 -3.2823779e+003             NaN             NaN             NaN
  1.6914304e+001  1.6914304e+001  1.6914304e+001  2.8710262e-014
  3.6748711e-009  6.6945072e-009  4.7139387e-009  6.6411827e-010
  1.4785810e+000  1.4785810e+000  1.4785810e+000  2.1113967e-009
  1.0366902e-001  1.0366902e-001  1.0366902e-001  6.2253054e-017
  2.5524226e-018  5.3913400e-018  3.5744628e-018  6.9060896e-019
  9.9842559e-001  5.9288451e+000  5.9288451e+000  2.9729551e-015
  2.0180471e-003  2.0180481e-003  2.0180473e-003  1.8237728e-010
 -1.0316285e+000 -1.0316285e+000 -1.0316285e+000  5.8661780e-016
  3.9788736e-001  3.9788736e-001  3.9788736e-001  6.0446375e-016
  3.0000000e+000  3.0000000e+000  3.0000000e+000  3.5044767e-014
 -3.8627821e+000 -3.8627821e+000 -3.8627821e+000  2.3567403e-015
 -3.3219952e+000 -3.3219952e+000 -3.3219952e+000  2.5597608e-015
 -1.0153200e+001 -1.0153200e+001 -1.0153200e+001  5.3351091e-015
 -1.0402941e+001 -1.0402941e+001 -1.0402941e+001  7.4935984e-015
 -1.0536410e+001 -1.0536410e+001 -1.0536410e+001  8.7171230e-015
  2.3994792e-017  7.3498421e-017  4.1012190e-017  9.5528977e-018
  2.3491081e-008  4.0223403e-008  3.0817175e-008  2.5511944e-009
  5.2575317e+002  5.2575318e+002  5.2575317e+002  1.4084615e-006
  2.2339691e-009  5.5222888e-009  3.2151251e-009  5.8556781e-010
  2.5837315e+001  2.5837318e+001  2.5837316e+001  4.8660772e-007
  0.0000000e+000             NaN             NaN             NaN
  2.4968070e-002  1.0501157e+000  5.8385291e-001  3.0231129e-001
 -2.9400116e+003 -7.5842435e+002 -7.5842435e+002  3.3599594e-013
  1.5919345e+001  1.5919345e+001  1.5919345e+001  2.6469554e-014
  4.5249502e-009  7.0238189e-009  5.4269023e-009  4.2239468e-010
  5.3458303e+000  5.3458304e+000  5.3458303e+000  1.7198159e-008
  1.2822097e-019  3.2289540e-019  2.0834590e-019  4.5372741e-020
  1.9949587e-018  7.1029830e-018  3.4555789e-018  1.0386438e-018
  3.9682636e+000  1.7374407e+001  1.7374407e+001  8.2619984e-015
  2.1754975e-003  2.1754993e-003  2.1754977e-003  3.2416204e-010
 -1.0316285e+000 -1.0316285e+000 -1.0316285e+000  6.8914909e-016
  3.9788736e-001             NaN             NaN             NaN
  3.0000000e+000  3.0000000e+000  3.0000000e+000  3.1850194e-014
 -3.8627821e+000 -3.8627821e+000 -3.8627821e+000  2.1700269e-015
 -3.3219952e+000 -3.3219952e+000 -3.3219952e+000  9.4098678e-016
 -2.7462121e+000 -2.6828604e+000 -2.6828604e+000  3.6992326e-016
 -1.0402941e+001 -1.0402941e+001 -1.0402941e+001  7.5364438e-015
 -1.0536410e+001 -1.0536410e+001 -1.0536410e+001  7.5705455e-015
  2.0351184e-017  5.4308713e-017  3.0279787e-017  5.3080661e-018
  1.7664840e-008  3.4804115e-008  2.3704711e-008  3.4991779e-009
  2.9155336e+002  2.9155338e+002  2.9155337e+002  2.8939908e-006
  3.6193484e-009  5.4330561e-009  3.9555169e-009  3.7424709e-010
  2.6114109e+001  2.6114111e+001  2.6114109e+001  5.3035261e-007
  0.0000000e+000             NaN             NaN             NaN
  3.0648113e-002  1.0515189e+000  5.3367686e-001  2.8187081e-001
 -2.3461058e+003 -8.3780320e+002 -8.3780320e+002  6.2268846e-013
  1.2934468e+001  1.2934468e+001  1.2934468e+001  1.2535079e-014
  3.1256393e-009  5.4758624e-009  4.2311244e-009  4.9597209e-010
  4.4219156e+000  4.4219157e+000  4.4219157e+000  4.5412295e-009
  1.0366902e-001  1.0366902e-001  1.0366902e-001  4.1915627e-017
  2.4812566e-018  7.2436476e-018  4.5202127e-018  8.3089011e-019
  3.3455626e+000  1.3618609e+001  1.3618609e+001  1.0817070e-014
  2.2016821e-003  2.2016837e-003  2.2016822e-003  2.3791048e-010
 -1.0316285e+000 -1.0316285e+000 -1.0316285e+000  8.9100612e-016
  3.9788736e-001             NaN             NaN             NaN
  3.0000000e+000  3.0000000e+000  3.0000000e+000  2.8279602e-014
 -3.8627821e+000 -3.8627821e+000 -3.8627821e+000  2.1616645e-015
 -3.3219952e+000 -3.3219952e+000 -3.3219952e+000  4.2557728e-016
 -1.0153200e+001 -1.0153200e+001 -1.0153200e+001  4.7745649e-015
 -1.0402941e+001 -1.0402941e+001 -1.0402941e+001  6.9866144e-015
 -1.0536410e+001 -1.0536410e+001 -1.0536410e+001  8.0488005e-015
  2.5269908e-017  5.3650718e-017  3.7090212e-017  6.1592016e-018
  2.0877595e-008  3.4976575e-008  2.8183171e-008  2.8310387e-009
  1.7216707e+002  1.7216708e+002  1.7216707e+002  1.2181670e-006
  2.5927257e-009  7.9832141e-009  3.1714239e-009  9.0849982e-010
  2.6268730e+001  2.6268733e+001  2.6268730e+001  6.7232876e-007
  0.0000000e+000             NaN             NaN             NaN
  2.8176077e-002  1.0098158e+000  5.8254739e-001  3.1951226e-001
 -3.3887908e+003 -9.3659641e+002 -9.3659641e+002  1.8940071e-013
  1.1939509e+001  1.1939509e+001  1.1939509e+001  2.5801826e-014
  3.8169867e-009  9.3095034e-009  4.7070665e-009  8.3388934e-010
  4.6892346e+000  4.6892347e+000  4.6892346e+000  8.3345128e-009
  1.7498786e-019  4.7113934e-019  2.7611052e-019  5.5261640e-020
  1.0987366e-002  1.0987366e-002  1.0987366e-002  5.5524426e-018
  2.9823649e+000  7.8739930e+000  7.8739930e+000  3.4840778e-015
  6.2793512e-003  8.1344725e-001  1.0574290e-001  1.8784012e-001
 -1.0316285e+000 -1.0316285e+000 -1.0316285e+000  8.9551187e-016
  3.9788736e-001             NaN             NaN             NaN
  3.0000000e+000  3.0000000e+000  3.0000000e+000  3.4970669e-014
 -3.8627821e+000 -3.8627821e+000 -3.8627821e+000  2.2321969e-015
 -3.3219952e+000 -3.3219952e+000 -3.3219952e+000  5.1928955e-016
 -1.0153200e+001 -1.0153200e+001 -1.0153200e+001  5.7922998e-015
 -1.0402941e+001 -1.0402941e+001 -1.0402941e+001  8.0127160e-015
 -1.0536410e+001 -1.0536410e+001 -1.0536410e+001  5.1195216e-015
  2.1932811e-017  5.0358818e-017  2.9268714e-017  5.5852913e-018
  2.1646684e-008  3.3188778e-008  2.8081087e-008  2.5297750e-009
  1.9659338e+002  1.9659339e+002  1.9659338e+002  1.2026804e-006
  3.8029525e-009  5.7403156e-009  4.3804458e-009  4.8920456e-010
  2.5913765e+001  2.5913766e+001  2.5913765e+001  3.2659781e-007
  0.0000000e+000             NaN             NaN             NaN
  1.3632585e-002  1.0254958e+000  5.2335406e-001  2.7587051e-001
 -2.1109526e+003             NaN             NaN             NaN
  1.9899171e+001  1.9899171e+001  1.9899171e+001  1.5610174e-014
  3.7985872e-009  6.8685297e-009  4.5857919e-009  5.8276146e-010
  4.0773437e+000  4.0773438e+000  4.0773438e+000  6.2372167e-009
  1.3126718e-019  3.2116925e-019  2.4358386e-019  3.9832839e-020
  1.5821175e-018  7.4896900e-018  2.6243404e-018  9.5217477e-019
  2.5843297e+000  1.1718700e+001  1.1718700e+001  1.8647862e-015
  2.2150771e-003  2.2150778e-003  2.2150772e-003  1.3545401e-010
 -1.0316285e+000 -1.0316285e+000 -1.0316285e+000  5.8918507e-016
  3.9788736e-001             NaN             NaN             NaN
  3.0000000e+000  3.0000000e+000  3.0000000e+000  3.5956118e-014
 -3.8627821e+000 -3.8627821e+000 -3.8627821e+000  2.1838930e-015
 -3.3219952e+000 -3.3219952e+000 -3.3219952e+000  6.0519158e-016
 -1.0153200e+001 -1.0153200e+001 -1.0153200e+001  5.6230626e-015
 -1.0402941e+001 -1.0402941e+001 -1.0402941e+001  6.6899762e-015
 -1.0536410e+001 -1.0536410e+001 -1.0536410e+001  8.1600429e-015
  1.4186694e-017  6.0378990e-017  2.8457729e-017  8.6497048e-018
  2.1618704e-008  3.7781247e-008  3.1669781e-008  3.0704122e-009
  1.8988248e+002  1.8988250e+002  1.8988249e+002  3.2535265e-006
  2.6874026e-009  8.5838698e-009  3.8993250e-009  1.1607492e-009
  2.6090636e+001  2.6090645e+001  2.6090637e+001  1.3338926e-006
  0.0000000e+000             NaN             NaN             NaN
  1.6218592e-002  1.0663513e+000  5.6546333e-001  2.9584666e-001
 -2.4252980e+003 -1.0157005e+003 -1.0157005e+003  9.7093335e-013
  1.6914299e+001             NaN             NaN             NaN
  3.0989122e-009  7.5835951e-009  5.0026156e-009  5.7679118e-010
  2.6019867e+000  2.6019868e+000  2.6019867e+000  2.5418651e-009
  1.1873080e-019  3.9309652e-019  1.5986647e-019  4.1216547e-020
  2.2700881e-018  5.7811112e-018  3.1438205e-018  6.3238548e-019
  2.9821062e+000  3.9682501e+000  3.9682501e+000  7.0073224e-016
  1.5138444e-003  2.5183154e-003  2.5183147e-003  1.1775045e-010
 -1.0316285e+000 -1.0316285e+000 -1.0316285e+000  6.9641113e-016
  3.9788736e-001             NaN             NaN             NaN
  3.0000000e+000  3.0000000e+000  3.0000000e+000  3.2848637e-014
 -3.8627821e+000 -3.8627821e+000 -3.8627821e+000  2.1212560e-015
 -3.3219952e+000 -3.3219952e+000 -3.3219952e+000  1.4591503e-015
 -2.6828604e+000 -2.6828604e+000 -2.6828604e+000  3.4748240e-016
 -1.0402941e+001 -1.0402941e+001 -1.0402941e+001  6.6610360e-015
 -1.0536410e+001 -1.0536410e+001 -1.0536410e+001  7.6551353e-015
